LOG(2013-07-31T12:07:06.312500, 4968, 00250288:): -------->>
LOG(2013-07-31T12:07:06.312500, 4968, 00250288:): Core session started on 2013-07-31T12:07:06.312500 by Administrator on CZYK8P
LOG(2013-07-31T12:07:06.312500, 4968, 00250288:): Debug logging disabled
LOG(2013-07-31T12:07:08.156250, 4968, 00250288:): All devices unloaded.
LOG(2013-07-31T19:24:04.812500, 7728, 00250288:): -------->>
LOG(2013-07-31T19:24:04.812500, 7728, 00250288:): Core session started on 2013-07-31T19:24:04.812500 by Administrator on CZYK8P
LOG(2013-07-31T19:24:04.812500, 7728, 00250288:): Debug logging disabled
LOG(2013-07-31T19:24:07.046875, 7728, 00250288:): All devices unloaded.
